Game: 10:25:37.694725600 score: 2.0
Game: 10:32:01.269511900 score: 6.0
