Game: 09:04:53.197201700 score: 1.2
Game: 09:04:52.355977800 score: 4.6
