Game: 08:47:54.651793700 score: 1.0
Game: 08:48:11.190499300 score: 4.0
